394972.8125|6284280|2
395135.07262997|6284190.27140673|1
394900.04699248|6284164.89661654|3
394909.44148936|6284069.81382979|5
395229.14788623|6283801.83594964|4
394460.51630435|6283765.35326087|6
394579.21666667|6283681.68333333|7
394644.02173913|6283794.29347826|10
396060|6283699.43693694|9
395144.0403423|6283571.31723716|8
395431.77201974|6283438.36845103|12
396106.74039231|6283482.5010008|15
394316.94078947|6283497.20394737|18
394388.69680851|6283501.46276596|20
396570.12820513|6283449.61538462|14
393991.29007124|6283242.72595726|13
396672.15|6283473.55|17
394229.03645833|6283472.265625|19
394667.87952646|6283573.79874652|11
394282.66129032|6283230.55555556|23
394648.27860169|6283282.60063559|24
394720.56818182|6283391.47727273|21
396040.65545809|6283228.13109162|25
395664.49155653|6283249.62371513|16
396047.35738255|6283098.02852349|27
395534.92647059|6283033.52272727|26
394731.29789272|6283130.43582375|29
394884.86842105|6283118.85964912|30
394932.5487013|6283070.37337662|32
395218.37155963|6282556.16972477|31
396348.14215686|6283142.74019608|22
394306.97614108|6283023.26244813|34
395422.83878505|6282746.09543494|33
394527.6300905|6282871.54411765|36
396294.22468354|6282834.88924051|39
395958.04856115|6283003.42625899|28
394239.61956522|6282948.64130435|38
393971.74079755|6282784.375|40
395750.97175021|6282641.55161427|37
396311.73780488|6282968.75|35
394853.16926346|6282655.22308782|43
396053.94629226|6282678.59187568|41
394510.40462428|6282681.71965318|42
394898.19444444|6282493.9484127|45
394673.66631799|6282569.42991632|44
395061.14726027|6282392.89383562|46
395770.74873096|6282257.26522843|47
395610.73275862|6282113.18965517|48
